0.002434782608695652
0.0024074074074074076
0.0025542168674698796
0.0024324324324324323
0.002321637426900585
0.002233009708737864
0.00403883495145631
0.0039253731343283586
0.0037905027932960893
0.003802005012531328
0.003808857808857809
0.003776209677419355
0.0037211538461538463
0.003683453237410072
0.003601018675721562
0.003594059405940594
0.004169642857142857
0.00468005540166205
0.0045936675461741424
0.0045
0.004526439482961222
0.004408637873754153
0.00436864406779661
0.004415169660678643
0.004348499515972894
0.004360037700282752
0.004269439421338155
0.004217847769028871
0.004252459016393442
0.00423851030110935
0.004176787086856265
0.0041879699248120305
0.004136463683052091
0.004324456902592852
0.0042439189189189186
0.004219431592861864
0.004171299288946348
0.004173637515842839
0.0041446384039900246
0.00411829268292683
0.004098074608904934
0.004086027713625866
0.004037810383747178
0.004000552791597568
0.003987580993520519
0.004059820010587613
0.003978905072827724
0.0039375
0.0039074252651880425
0.0038794896030245746
0.0038653935724266416
0.0038534562211981565
0.0038325771324863884
0.003806986117330945
0.0037855251544571932
0.003766122098022356
0.0037317175094024237
0.0037129896907216495
0.003676529388244702
0.0036587584025306445
0.003633281972265023
0.00356881760537113
0.003679169701383831
0.00364910394265233
0.0036611715187653453
0.003614936622130867
0.003585185185185185
0.003566
0.0035504284772577455
0.0035299643666990605
0.0035189913820619216
0.003544507575757576
0.003525117004680187
0.003501233045622688
0.003483674092157461
0.00347355696585071
0.00349836163240989
0.0035042410061421466
0.0034848309737070212
0.003461911554921541
0.0034474653072783914
0.003435755733628074
0.0034249054565099945
0.0034044020153805358
0.0033952080042127437
0.0033842146392289657
0.0034179526748971192
0.003418622448979592
0.0034094947956334093
0.003394928445895054
0.0033831006979062814
0.003367079207920792
0.003357546012269939
0.0034812937484914315
0.0034727883001678256
0.0034525047258979207
0.0034564557553116975
0.0034708054465728134
0.003461926605504587
0.0035162969669533728
