0.008385744234800839
0.009024873431653093
0.016836577077540934
0.015496125968507872
0.01484294097342078
0.012370725914196645
0.012794671807904653
0.013514479799785484
0.012487060041407868
0.012232415902140673
0.012286396437481558
0.012697767732432638
0.012633120026446905
0.012738299676108079
0.012906264719736223
0.01223566133437378
0.011866472808447518
0.011790202546138539
0.011752218726821658
0.012392133253060406
0.012612261311431462
0.0123633017565798
0.012055750718554678
0.011914094849003479
0.011751538891997761
0.011659230574964223
0.011731244179926313
0.011681370718959385
0.011578888723815184
0.01164342791175887
0.011636650076980917
0.011713911905800262
0.011761961881913901
0.011788467418768206
0.01173405891765288
0.01180369071039069
0.011945442119498044
0.011886453467481135
0.011721865053881059
0.01148924288136863
0.011531086483148623
0.011306854780710807
0.011271815697179367
0.01122680370086076
0.011099064140607167
0.011084723421662652
0.011198443077717087
0.011117585483197285
0.011103294283179885
0.011060877193856952
0.011032613481804749
0.011035099013230588
0.01097816415807815
0.010953772049149255
0.01087198564373944
0.010829456465241354
0.010788949937911444
0.010782677257819643
0.010820130321172228
0.010753256038804344
0.01074348088780765
0.01081309916161884
0.01068215164618478
0.010626600362970882
0.01068176446090294
0.010668642341174291
0.01059519306311287
0.010542243742656745
0.011673468809341609
0.011613730257703589
0.011571240110014955
0.011511844995810877
0.011554642150767624
0.011496214815166026
0.011468976774005718
0.011458705647872734
0.011344373840016922
0.011313376128044585
0.011237703807676455
0.01113401828614738
0.011116249737229347
0.010999534920840225
0.011043610208765866
0.010974777171815844
0.010952826591799244
0.010915287988178616
0.010824210193033893
0.010774280847217956
0.010778013358166146
0.010707984394025993
0.010680467399707506
0.010615030961518388
0.010581934475434282
0.010556615110375303
0.010545653260781098
0.010543972065558186
0.010551359363032285
0.010582920769959429
0.010567602125466218
0.010721683068721344
