0.005365853658536586
0.009833887043189368
0.005427708822542771
0.004402407566638005
0.004393900232618248
0.004375676542275304
0.004347082059789609
0.004304200658398763
0.0042401209668373185
0.004268037048722614
0.004357826907762026
0.0043203847020812985
0.004329095423746323
0.0043119624262227966
0.004318814513460305
0.004310489104764597
0.004272133074241381
0.004252179241861454
0.004237407986197045
0.0041999320242215735
0.004186373022745789
0.004174199407565842
0.00419047940637689
0.004155770843191459
0.004160085534468933
0.0041223467874399984
0.004110630613505679
0.00409673457820323
0.004096858761733836
0.0040982269498037105
0.004094099598445536
0.00408635513387685
0.004046912991370686
0.004028596945636975
0.0040145135570889175
0.003930968635400508
0.003922160843878522
0.0039014969692233842
0.0038900055927482543
0.0038848054114082693
0.0038776342624065262
0.0038726851382667503
0.003855732890687695
0.003850323352398041
0.0038479853455559813
0.003842461662829819
0.003832397839149853
0.003839534639168383
0.0038443135928957393
0.0038373597546925682
0.003838160301413284
0.0038573780305297817
0.0038576599179332175
0.0038724420747713872
0.003902020494972931
0.003885631202134398
0.0038828683973006414
0.0038735126362984857
0.0038721608287061856
0.0038676139398831364
0.0038630945543962625
0.0038754322037941992
0.003868963147752566
0.0038755916748076233
0.0038713088944376003
0.0038768438991907722
0.0038659419885494904
0.0038616097014319115
0.0038527838023654764
0.0038525381200540435
0.003847195406608756
0.0038434315374487227
0.003836696350105847
0.003828909342280376
0.003831721594442181
0.0038279190020893165
0.0038237312116188586
0.0038226510355176954
0.0038028421241138115
0.0038085786062091
0.003811588628177781
0.0038070298917414294
0.0038046801547188956
0.0038037690137638917
0.0037980776538662263
0.003799320632525704
0.003805054508515474
0.0038011857370193925
0.0037978431042233808
0.0037834872109070027
0.00377193145828085
0.0037686006732371583
0.003766584982475324
0.003772564896867021
0.003769041056143914
0.0037533956443666834
0.003766343404168148
0.0037585093802933937
0.003757655791079438
0.0037348998476182064
