0.0078
0.006596153846153846
0.006696969696969697
0.005560606060606061
0.00578735632183908
0.0059577464788732395
0.009358156028368795
0.009562111801242236
0.008780748663101605
0.007491266375545851
0.00898155737704918
0.008842857142857144
0.009932546374367622
0.010940988835725678
0.01063150074294205
0.01090576652601969
0.010894875164257556
0.010964677222898903
0.011418577981651376
0.017606194690265486
0.01716908713692946
0.016634335596508246
0.01697588126159555
0.016939313984168865
0.0164525
0.01627687296416938
0.015527078565980167
0.015926578560939795
0.015563120567375887
0.016697010869565217
0.016454311454311456
0.016546740467404675
0.016203339296362553
0.016211405529953916
0.01621697582911748
0.01572885032537961
0.015844397238449284
0.016327083333333332
0.016202757916241064
0.016000983284169126
0.0156414645744175
0.015378088578088579
0.015541176470588235
0.017040105773468487
0.01668918341171441
0.016538947368421052
0.016421008753647354
0.016451756156641097
0.01624772457459438
0.01610763888888889
0.016027661993179235
0.015944753429736745
0.015902403495994172
0.015616096866096866
0.015529863779252532
0.015475302245250433
0.015551207893841443
0.015552799195440831
0.01564884488448845
0.015946103896103896
0.015768249920306024
0.01563548487683193
0.015874074074074075
0.015835258358662615
0.015726403823178015
0.015806961099736765
0.016171246745733295
0.016089235127478754
0.016070453912559176
0.016058694459681843
0.015939451534075482
0.015866755319148936
0.01590385119203563
0.015794865145228217
0.01566812114989733
0.015849721236695386
0.016480672690763053
0.016452951346011362
0.016352768968040984
0.016247462542290963
0.01609080076263108
0.016152
0.015982122126770373
0.016068957617411225
0.01603649138712602
0.015994182143656298
0.015889356984478936
0.019168546781685468
0.01899235474006116
0.019973757797375778
0.01976593941961449
0.01972843651626443
0.01958238341968912
0.019745644599303135
0.01976523151909017
0.019537865235539655
0.01942119779353822
0.019441113490364027
0.019294670245398774
0.019113978899773926
