0.0022727272727272726
0.002391280169057947
0.005343094902460098
0.006774574884059289
0.007978160080958321
0.007344769756117274
0.006922822702683898
0.006985907867230152
0.007151168111281065
0.006924262568977892
0.007037278307383178
0.0069404503352190295
0.006794949838328419
0.006657055950970254
0.006588238667727667
0.006784458871294629
0.006498828681701134
0.00656339630830953
0.006643185652037738
0.006545526115611918
0.0067598017124831005
0.006783224629373972
0.006681367345358124
0.006596329113371268
0.006539499402870355
0.006453511258852206
0.006574369465114776
0.006630650999489114
0.006603684984921267
0.006732644126411832
0.006736353834477233
0.0070750816715602
0.007163611611707662
0.0072993228147552975
0.007274419583867742
0.007214750155874232
0.007217670422223424
0.007205971852895647
0.007233843664514782
0.007160056640810585
0.0071050578044158244
0.007046174337406931
0.007182139895054923
0.0070636362353349155
0.007043224418109778
0.006994350527408908
0.007034041789177595
0.0070706647814097945
0.0070957974399839694
0.007070959833611674
0.00717353898716314
0.007220047230056249
0.007160231564935717
0.007139139152542089
0.007172467390825185
0.007308833920007145
0.007268876402982582
0.0072459997095075685
0.007202775401024459
0.007171954744480151
0.00711242718432213
0.00710517399223839
0.007160636119523768
0.007166765729388235
0.007206438673367452
0.0072398926779393006
0.007211388367227773
0.007254725460354358
0.00722953112809021
0.007208852550222444
0.007272765141234444
0.007340536099965696
0.00730396089189872
0.007306988086446085
0.00728893283129408
0.0072388944565420195
0.007223486630165796
0.007224932698725914
0.007179143369013036
0.007158181041889591
0.007124656098330638
0.007129139447582684
0.007105757536055942
0.007074555011435057
0.00715511541063559
0.0071078361360276425
0.0070989047085255426
0.007093411357536153
0.007197862915139566
0.007201205783293947
0.007171234243564178
0.007144269303091566
0.007144881178681813
0.007106645787082991
0.007180650938302539
0.007156109698323462
0.0071388607270111435
0.007128610663580913
0.007156357541909685
0.007139756225795754
